{
 "cells": [
  {
   "cell_type": "code",
   "execution_count": 1,
   "id": "76c79608",
   "metadata": {},
   "outputs": [],
   "source": [
    "# memuat numpy sebagai np\n",
    "import numpy as np\n",
    " \n",
    "# memuat pandas sebagai pd\n",
    "import pandas as pd\n",
    "\n",
    "# memuat data bernama 'dataset_statistics.csv' dan memasukkan hasilnya ke dalam 'raw_data'\n",
    "raw_data = pd.read_csv(\"dataset_statistic.csv\", sep=';')"
   ]
  },
  {
   "cell_type": "code",
   "execution_count": 2,
   "id": "75728998",
   "metadata": {},
   "outputs": [
    {
     "name": "stdout",
     "output_type": "stream",
     "text": [
      "                  ID Pelanggan  Jenis Kelamin  Pendapatan     Harga   Jumlah   \\\n",
      "ID Pelanggan          1.000000       0.151375    0.110958 -0.028707  0.011289   \n",
      "Jenis Kelamin         0.151375       1.000000    0.192849  0.457555 -0.104168   \n",
      "Pendapatan            0.110958       0.192849    1.000000  0.322443  0.399825   \n",
      "Harga                -0.028707       0.457555    0.322443  1.000000 -0.138883   \n",
      "Jumlah                0.011289      -0.104168    0.399825 -0.138883  1.000000   \n",
      "Total                -0.039968       0.238051    0.592044  0.645455  0.636097   \n",
      "Tingkat Kepuasan     -0.245717      -0.088339   -0.312663 -0.380798  0.017568   \n",
      "\n",
      "                     Total  Tingkat Kepuasan  \n",
      "ID Pelanggan     -0.039968         -0.245717  \n",
      "Jenis Kelamin     0.238051         -0.088339  \n",
      "Pendapatan        0.592044         -0.312663  \n",
      "Harga             0.645455         -0.380798  \n",
      "Jumlah            0.636097          0.017568  \n",
      "Total             1.000000         -0.268345  \n",
      "Tingkat Kepuasan -0.268345          1.000000  \n",
      "                  ID Pelanggan  Jenis Kelamin  Pendapatan     Harga   Jumlah   \\\n",
      "ID Pelanggan          1.000000       0.126650   -0.054998 -0.005753  0.024016   \n",
      "Jenis Kelamin         0.126650       1.000000    0.190245  0.415339 -0.090299   \n",
      "Pendapatan           -0.054998       0.190245    1.000000  0.523053  0.501925   \n",
      "Harga                -0.005753       0.415339    0.523053  1.000000 -0.098450   \n",
      "Jumlah                0.024016      -0.090299    0.501925 -0.098450  1.000000   \n",
      "Total                -0.065998       0.190245    0.988506  0.535078  0.501925   \n",
      "Tingkat Kepuasan     -0.183817      -0.085796   -0.165588 -0.325659 -0.028923   \n",
      "\n",
      "                     Total  Tingkat Kepuasan  \n",
      "ID Pelanggan     -0.065998         -0.183817  \n",
      "Jenis Kelamin     0.190245         -0.085796  \n",
      "Pendapatan        0.988506         -0.165588  \n",
      "Harga             0.535078         -0.325659  \n",
      "Jumlah            0.501925         -0.028923  \n",
      "Total             1.000000         -0.165588  \n",
      "Tingkat Kepuasan -0.165588          1.000000  \n",
      "                  ID Pelanggan  Jenis Kelamin  Pendapatan     Harga   Jumlah   \\\n",
      "ID Pelanggan          1.000000       0.151375   -0.063711 -0.039149  0.046356   \n",
      "Jenis Kelamin         0.151375       1.000000    0.219508  0.463635 -0.098864   \n",
      "Pendapatan           -0.063711       0.219508    1.000000  0.640000  0.607110   \n",
      "Harga                -0.039149       0.463635    0.640000  1.000000 -0.130749   \n",
      "Jumlah                0.046356      -0.098864    0.607110 -0.130749  1.000000   \n",
      "Total                -0.069779       0.219508    0.998470  0.646194  0.607110   \n",
      "Tingkat Kepuasan     -0.238890      -0.090784   -0.192463 -0.378933 -0.023874   \n",
      "\n",
      "                     Total  Tingkat Kepuasan  \n",
      "ID Pelanggan     -0.069779         -0.238890  \n",
      "Jenis Kelamin     0.219508         -0.090784  \n",
      "Pendapatan        0.998470         -0.192463  \n",
      "Harga             0.646194         -0.378933  \n",
      "Jumlah            0.607110         -0.023874  \n",
      "Total             1.000000         -0.192463  \n",
      "Tingkat Kepuasan -0.192463          1.000000  \n"
     ]
    }
   ],
   "source": [
    "# menghitung korelasi dari setiap pasang variabel pada raw_data\n",
    "print (raw_data.corr())\n",
    "\n",
    "# mencari korelasi 'kendall' untuk tiap pasang variabel\n",
    "print (raw_data.corr(method='kendall'))\n",
    " \n",
    "# mencari korelasi 'spearman' untuk tiap pasang variabel\n",
    "print (raw_data.corr(method='spearman'))"
   ]
  },
  {
   "cell_type": "code",
   "execution_count": null,
   "id": "aa4a94e9",
   "metadata": {},
   "outputs": [],
   "source": []
  }
 ],
 "metadata": {
  "kernelspec": {
   "display_name": "Python 3",
   "language": "python",
   "name": "python3"
  },
  "language_info": {
   "codemirror_mode": {
    "name": "ipython",
    "version": 3
   },
   "file_extension": ".py",
   "mimetype": "text/x-python",
   "name": "python",
   "nbconvert_exporter": "python",
   "pygments_lexer": "ipython3",
   "version": "3.9.1"
  }
 },
 "nbformat": 4,
 "nbformat_minor": 5
}
